# This file may be used to create an environment using:
# $ conda create --name <env> --file <this file>
# platform: win-64
brotlipy=0.7.0=py38h294d835_1004
cffi=1.15.1=py38hd8c33c5_0
charset-normalizer=2.1.1=pyhd8ed1ab_0
colorama=0.4.5=pyhd8ed1ab_0
cryptography=37.0.1=py38h21b164f_0
idna=3.4=pyhd8ed1ab_0
intel-openmp=2022.1.0=h57928b3_3787
joblib=1.2.0=pyhd8ed1ab_0
libblas=3.9.0=16_win64_mkl
libcblas=3.9.0=16_win64_mkl
liblapack=3.9.0=16_win64_mkl
libsqlite=3.39.3=hcfcfb64_0
m2w64-gcc-libgfortran=5.3.0=6
m2w64-gcc-libs=5.3.0=7
m2w64-gcc-libs-core=5.3.0=7
m2w64-gmp=6.1.0=2
m2w64-libwinpthread-git=5.0.0.4634.697f757=2
menuinst=1.4.16=py38he774522_1
mkl=2022.1.0=h6a75c08_874
msys2-conda-epoch=20160418=1
numpy=1.21.6=py38h5ed9b9d_0
openssl=3.0.5=hcfcfb64_2
pandas=1.4.2=py38hcc40339_1
powershell_shortcut=0.0.1=3
pycosat=0.6.3=py38h294d835_1010
pycparser=2.21=pyhd8ed1ab_0
pymongo=3.12.0=py38hd77b12b_0
pyopenssl=22.0.0=pyhd8ed1ab_1
pysocks=1.7.1=pyh0701188_6
python-dateutil=2.8.2=pyhd8ed1ab_0
python_abi=3.8=2_cp38
pytz=2022.2.1=pyhd8ed1ab_0
pywin32=303=py38h294d835_0
requests=2.28.1=pyhd8ed1ab_1
ruamel_yaml=0.15.80=py38h294d835_1007
scikit-learn=1.0.2=py38hb60ee80_0
scipy=1.7.3=py38ha1292f7_0
setuptools=65.4.0=pyhd8ed1ab_0
six=1.16.0=pyh6c4a22f_0
sqlite=3.39.3=hcfcfb64_0
tbb=2021.6.0=h91493d7_0
threadpoolctl=3.1.0=pyh8a188c0_0
toolz=0.12.0=pyhd8ed1ab_0
tqdm=4.64.1=pyhd8ed1ab_0
ucrt=10.0.20348.0=h57928b3_0
urllib3=1.26.11=pyhd8ed1ab_0
vc=14.2=hb210afc_7
vs2015_runtime=14.29.30139=h890b9b1_7
wheel=0.37.1=pyhd8ed1ab_0
win_inet_pton=1.1.0=py38haa244fe_4
yaml=0.2.5=h8ffe710_2
